 486
 1674
 090
 1135
 1063
 1690
 1552
 1228
 1868
 1608
 1856
 645
8 9
 1773
 1873
 1265
 684
3 2005
 1757
 835
 2055
 1842
 1710
 523
 1209
 1714
 1221
 2300
 1154
 1165
 1648
 12 1
 1137
 1129
 2117
 1663
 903
 1530
 957
 1737
 715
 1099
 539
 1271
 881
 1879
 1264
 1651
 1683
6 2
8 7
6 8
 59 18
 1837
 1632
 1826
 588
 729
 576
 860
 1107
 1624
 1820
 1573
35928
 649
 1545
 883
 972
 526
 1672
 1642
 1647
 1136
 17 2
 1609
 2854
 1563
 699
 593
5 10
 497
 538
 000 1960
 1550
 20 393
 648
 1044
6 9
 1677
 1161
 1892
 1742
 1035
 1703
 1812
 1891
 1661
 1765
 001
 1679
 1855
 1686
 1774
 1832
 439
 1534
4 8
 1569
 1689
 1798
 1219
 1841
 1105
 1054
 1303
6 24
 895
 1546
 1518
 341752
 1782
 1643
 1816
 1825
 1843
 1758
6 12
 1872
 1653
 1706
 1919 27
 1681
 1281
 1852
 463
 1857
 1554
 1882
 11 10
 1220
 4 3
 1160
 19 100
 1727
 006
 1012
 1817
 1130
 754
 1175
 1887
3 2011
 1059
 1119
 1604
 47338
 986
 1649
 679
 394
 1628
 1126
 515
 1336
 682
6 4
 015
 930
 1836
 1629
 1801
 1751
 1740
 500 1960
 183 1
 667
 973
 1270
 1615
7 5
 0 18
 491
 1187
5 2
 1796
 591
 081
 1806
 1250
 1808
 1803
 5191
 1948 210
 1822
 1145
 1101
 4 1972
 1644
 1002
 1234
 1231
 842
4 29
 511
 1723
 1807
 527
 1015
 995
 1637
 703
 19 737
 1279
 1755
 1838
 060
 968
4160
 100 18
 1194
 1792
 853
 1669
6 13
 056
 1646
 008
 1435
 713
 735
 12 12
 1260
 1235
 1208
 1743
 1616
 462
 1613
 1858
 635
 1894
 1086
 1814
 961
 1851
 1555
 1617
 1164
 731
 0 7
 030
 1023
 1726
 1811
 761
 1331
 568
 1438
 1793
 1741
 628
 690
 710
 002
 1558
 787
 864
 1402
 979
 1345
 1212
 1827
 1207
 826
 977
 746
 1038
4 16
 2 1
 1189
 1544
 1810
6 7
 1685
 983
 1848
 738
 1693
 11 1
3 2009
 1230
 1064
 740
 468
 1120
 1180
 1660
 1754
 1721
 1652
 1122
 149 608 708
 467
 1930 49
 6 15
5 3
 1684
 1784
 400 1
 691
 1330
 1133
 1641
 1833
 743
 11 835
 1150
 1871
 1794
 1489
 1717
 1224
 1638
 516
 508
 762
 603
 985
 938
 1779
 1618
 3100
 697
 1625
8 28
 1155
 1656
 1532
 1619
 521
 010
 1210
 522
 393
 1268
 89 1
 1542
 1425
 544
 1103
 1875
 1829
 1225
 1191
 1759
 1170
 1667
 1213
 070
7 17
 565
 1549
 880
 1216
 1140
 1138
 1662
 0600
 1205
 1847
 605
 1791
 483
 0 0
8 24
 032
 562
 1876
 711
 1881 1000
 940
 1623
 9359
 910
 1123
 1639
 5240
 1603
1822
 1844
 789
 446
 874
 1580
 1612
 1127
 830
 676
 1166
 571
 1769
 575
 805
 1831
 1075
 1818
4 4
 794
 2501
 1883
 1694
 1275
 1786
 1839
 856
 1102
 1788
 692
 790
 935928
 1665
 1884
 1593
 1776
 991
 1128
 1854
 1390
 1815
 1142
 952
 1885
 38 152
6 3
 909
 1869
 1761
 1630
7 7
 1596
 1777
 1610
 0300
 799
 1738
 1052
 618
 1692
 1065
7 4
5 9
 1592
 1664
 639
 1215
 1697
 0 15
 951
 1501
 1214
 1795
 1748
 1878
 1622
 1708
 716
 1540
6 11
 473
 1787
 1813
 1620
 13400
 733
 1237
 1789
 1036
 1204
 878
 1802
 1125
 1744
 1866
 1877
 1853
 623
 1567
 1772
 595
 454
 725
 1121
 775
 1676
 4 1
 1720
 1203
 865
 1605
 1139
 1785
 918
 590
 132 1
 1611
 1828
 1823
 453
 1514
 705
 890
 996
 1005
 509
 763
 767
 1666
 1691
 1072
 1768
 708
 1688
6 6
 5 1980
 1809
 1633
6 10
 227 1
 592
 819
 1835
 381
 1095
 1131
 1771
 549
 1753
 533
 730
 545
 1763
 1645
 1881
 1783
 990
 1124
 656
 1824
 965
 766
 1621
 1736
 1767
 1132
 495
 614
 1701
 1819
 907
4232
 1849
4 27
 612
7 6
 1422
6 5
 1560
 478
 1804
 31 2014
 922
 1775
 1864
 1797
 772
 1351
 815
 1790
 1766
 971
 1553
 020
 653
 1115
 1725
 1821
 1217
 1218
 1859
 1650
 1770
 1778
 1874
 1627
 1229
 1096
 1845
 1867
 1756
 1730
 1631
 1747
 1 90
 1640
 1805
 1834
 696
 050
 1682
 1233
2 360
 1206
 1846
 077
 1764
 1108
