 1899
 258
 358
 1665
4 27
59
 206
 002
8 7
 1845
 1617
122
 938
 1637
 2117
 1777
 279
 31 2014
 1751
 271
 468
 5191
 268
 1189
 100 18
 799
 639
6 13
 1086
64
 015
 856
 232
6 5
 1390
 497
 1545
 860
 763
 883
 238
 1095
 1843
 1825
 1567
 951
 1847
 030
 194
 649
 1701
 1610
 198
 1212
 11 835
 403
 1662
 1619
 1124
 430
 1736
 1206
 960
 486
 909
 1774
6 6
 1721
 375
 1881 1000
 562
 1672
 1560
6 3
 1155
 1706
28
 4 3
 679
 262
 1145
 1125
 1330
82
 1686
 1692
 1612
 338
 462
7
 385
 1648
 288
 1233
 630
 699
2 360
 1697
 1065
 555
 302
 1107
 1640
 355
 346
 1127
 957
 6 15
39
 922
 623
 1757
17
 445
 1237
6 4
 1759
 591
43
 1708
 1303
52
 272
 539
 789
 1103
 1555
35
 400 1
 480
 1133
 509
30
 1135
4232
 443
 605
 1422
 911
6 11
 716
 435
 1518
 1036
 1054
 1823
 1225
94
54
61
 961
 4 1972
56
 682
 2501
 1784
 702
 1618
 1035
 1264
 1652
 1874
 1641
 1883
23
 1770
 1621
 000 1960
 1 90
 1209
 527
 1681
6 24
 1726
 1863
 1270
 1563
 19 100
 696
 645
36
 8000
 20 393
01
 1546
 1120
 183 1
15
 1747
 819
 772
 1755
 835
 389
 850
 515
 1622
 1766
5 2
 296
8 24
 1580
 1748
 499
 373
 386
 1682
 505
7 4
 874
 570
 290
 1235
 1638
 354
 1501
 227 1
 1772
6 12
 991
 426
 1005
 1275
 1136
 169
 1207
 149 608 708
 523
 1628
 1544
 1613
 1534
 1137
 790
 1129
 1773
 1700
 390
 1604
57
 1530
 38 152
 374
92
 070
 1139
 1208
 1886
 761
6 7
19
 1044
 454
98
 1629
 1740
 878
60
 986
 1215
 1023
 881
 730
 0 0
 968
 2 1
 181
58
 713
 635
 1887
 971
 1102
 184
 1072
 137
 918
 7000
 132
 372
 056
81
 549
38
4160
 010
74
26
1822
 1265
 264
 1737
 1661
 286
 1902
 1122
6 2
 575
 1271
 308
 11 1
 47338
 470
 999
 502
 349
 565
 19 737
6 10
 256
 1674
 1038
 1639
 1685
35928
 1592
6 8
 525
 656
 1217
 144
 743
 1919 27
 667
 1260
 979
4 29
 965
 4 1
 9359
78
 322
 107
 157
 738
 1844
 12 12
 1279
 1205
 1768
 1676
0
 1725
 247
 1647
 692
 1710
8
 344
 2055
 1099
 1540
 1633
75
 1632
 1831
 1015
 808
 529
7 7
42
 1300
 614
 1835
 1656
 1160
 612
 326
 1063
 283
 249
 1435
 1336
 1694
 1727
 1642
 1012
45
 1684
62
 853
 1723
5
 603
 1605
 081
 1070
 1542
 1075
 588
 182
 794
 1795
 1220
 1123
 1630
 1771
 446
 1210
 1064
 1664
 500 1960
 1002
 2017
 1331
 977
 323
 1105
 590
 1115
 1221
 521
 1345
 1191
 995
 257
 1666
3 2009
 972
32
 1281
 1608
 4000
3
 151
 511
34
5 10
 162
76
 1268
 1690
320
7 6
 347
 690
 864
 1489
 1228
 1744
 1738
 1213
 3100
66
 11 10
14
 840
 1234
 1852
 1119
 090
 1552
 1166
 1660
 533
4 8
 571
 1897
 357
 760
 1224
 2019
 1817
 1553
 1164
 766
8 9
 448
25
 1603
4 16
 1596
 1250
 298
 1609
 1132
91
 008
 1693
 12 1
 711
 1554
 1532
 842
 1514
6 9
 5 1980
 337
 1231
 705
 1616
 341752
 1615
 1691
 1219
 820
 239
48
 1743
 538
 1765
37
50
 545
 1625
 1150
 237
 478
18
 2500
 2300
 490
 1649
 1216
 143
 1832
 1425
51
97
68
 2018
 280
 187
 1631
 620
 1130
 1767
5 3
 516
 59 18
 1829
 1161
 1688
 973
47
 729
 453
7 17
 1679
 2854
 1761
 676
 333
 1218
 1550
 1569
 13400
 1204
3 2011
 241
 1549
 365
 576
 526
 348
 1792
 0 7
 17 2
 1892
 352
 1203
 190
 1683
 463
 1653
 222
 0 15
 1101
 233
72
 398
 077
 1663
 1797
 132 1
 1593
 5240
 1627
 276
 1717
 221
 473
 1930 49
 1669
 384
 1720
 224
 544
 1756
 1819
 243
 684
 1052
 368
 483
 1730
 1644
 1438
 1059
 1229
8 28
4 4
 174
9
 341
 1142
 1573
 1126
69
 1851
 1165
 1440
 414
 269
 1096
 952
63
 1108
 439
 826
 2022
 1948 210
 495
 89 1
 1623
 1651
 1230
 112
 0 18
33
24
 291
 1131
 1351
11
 173
 1214
3 2005
 361
 032
 920
70
5 9
 983
49
41
 1187
 935928
 128
 697
 592
 1742
7 5
 1402
 420
 353
 1846
 432
 1783
12
 608
 865
 1754
 1170
 1769
 1782
